12
"cos(#theta_{#mu}) -#pi < #phi_{#mu} #leq -#pi/2" "" "cos(&\theta_{\mu}$) $-\pi < \phi_{\mu} \leq -\pi/2$" ""
"cos(#theta_{#mu}) -#pi/2 < #phi_{#mu} #leq 0" "" "cos(&\theta_{\mu}$) $-\pi/2 < \phi_{\mu} \leq 0$" ""
"cos(#theta_{#mu}) 0 < #phi_{#mu} #leq #pi/2" "" "cos(&\theta_{\mu}$) $0 < \phi_{\mu} \leq \pi/2$" ""
"cos(#theta_{#mu}) #pi/2 < #phi_{#mu} #leq #pi" "" "cos(&\theta_{\mu}$) $\pi/2 < \phi_{\mu} \leq \pi$" ""
"p_{#mu} -#pi < #phi_{#mu} #leq -#pi/2" "GeV/c" "$p_{\mu}$ $-\pi < \phi_{\mu} \leq -\pi/2$" "GeV/c"
"p_{#mu} -#pi/2 < #phi_{#mu} #leq 0" "GeV/c" "$p_{\mu}$ $-\pi/2 < \phi_{\mu} \leq 0$" "GeV/c"
"p_{#mu} 0 < #phi_{#mu} #leq #pi/2" "GeV/c" "$p_{\mu}$ $0 < \phi_{\mu} \leq \pi/2$" "GeV/c"
"p_{#mu} #pi/2 < #phi_{#mu} #leq #pi" "GeV/c" "$p_{\mu}$ $\pi/2 < \phi_{\mu} \leq \pi$" "GeV/c"
"#phi_{#mu} Contained muons" "rad" "$\phi_{\mu}$ Contained muons" "rad"
"#phi_{#mu} Uncontained muons" "rad" "$\phi_{\mu}$ Uncontained muons" "rad"
"p_{#mu} Contained muons" "GeV/c" "$p_{\mu}$ Contained muons" "GeV/c"
"p_{#mu} Uncontained muons" "GeV/c" "$p_{\mu}$ Uncontained muons" "GeV/c"
12
"# Events"
1 0 12 -1 -0.27 0.29 0.46 0.58 0.67 0.77 0.82 0.88 0.93 0.97 1
0
11
0 1 1
1 1 2
2 1 3
3 1 4
4 1 5
5 1 6
6 1 7
7 1 8
8 1 9
9 1 10
10 1 11
"# Events"
1 1 12 -1 -0.27 0.29 0.46 0.58 0.67 0.77 0.82 0.88 0.93 0.97 1
0
11
11 1 1
12 1 2
13 1 3
14 1 4
15 1 5
16 1 6
17 1 7
18 1 8
19 1 9
20 1 10
21 1 11
"# Events"
1 2 12 -1 -0.27 0.29 0.46 0.58 0.67 0.77 0.82 0.88 0.93 0.97 1
0
11
22 1 1
23 1 2
24 1 3
25 1 4
26 1 5
27 1 6
28 1 7
29 1 8
30 1 9
31 1 10
32 1 11
"# Events"
1 3 12 -1 -0.27 0.29 0.46 0.58 0.67 0.77 0.82 0.88 0.93 0.97 1
0
11
33 1 1
34 1 2
35 1 3
36 1 4
37 1 5
38 1 6
39 1 7
40 1 8
41 1 9
42 1 10
43 1 11
"# Events"
1 4 6 0.15 0.23 0.32 0.45 0.66 1.5
0
5
44 1 1
45 1 2
46 1 3
47 1 4
48 1 5
"# Events"
1 5 6 0.15 0.23 0.32 0.45 0.66 1.5
0
5
49 1 1
50 1 2
51 1 3
52 1 4
53 1 5
"# Events"
1 6 6 0.15 0.23 0.32 0.45 0.66 1.5
0
5
54 1 1
55 1 2
56 1 3
57 1 4
58 1 5
"# Events"
1 7 6 0.15 0.23 0.32 0.45 0.66 1.5
0
5
59 1 1
60 1 2
61 1 3
62 1 4
63 1 5
"# Events"
1 8 16 -3.141592654 -2.722713633 -2.303834613 -1.884955592 -1.466076572 -1.047197551 -0.6283185307 -0.2094395102 0.2094395102 0.6283185307 1.047197551 1.466076572 1.884955592 2.303834613 2.722713633 3.141592654
0
15
64 1 1
65 1 2
66 1 3
67 1 4
68 1 5
69 1 6
70 1 7
71 1 8
72 1 9
73 1 10
74 1 11
75 1 12
76 1 13
77 1 14
78 1 15
"# Events"
1 9 16 -3.141592654 -2.722713633 -2.303834613 -1.884955592 -1.466076572 -1.047197551 -0.6283185307 -0.2094395102 0.2094395102 0.6283185307 1.047197551 1.466076572 1.884955592 2.303834613 2.722713633 3.141592654
0
15
79 1 1
80 1 2
81 1 3
82 1 4
83 1 5
84 1 6
85 1 7
86 1 8
87 1 9
88 1 10
89 1 11
90 1 12
91 1 13
92 1 14
93 1 15
"# Events"
1 10 6 0.15 0.23 0.32 0.45 0.66 1.5
0
5
94 1 1
95 1 2
96 1 3
97 1 4
98 1 5
"# Events"
1 11 6 0.15 0.23 0.32 0.45 0.66 1.5
0
5
99 1 1
100 1 2
101 1 3
102 1 4
103 1 5