8
"cos(#theta_{#mu})" "" "cos(&\theta_{\mu}$)" "rad"
"#phi_{#mu}" "rad" "$\phi_{\mu}$" "rad"
"p_{#mu}" "GeV/c" "$p_{\mu}$" "GeV/c"
"cos(#theta_{#pi})" "" "cos(&\theta_{\pi}$)" "rad"
"#phi_{#pi}" "rad" "$\phi_{\pi}$" "rad"
"p_{#pi}" "GeV/c" "$p_{\pi}$" "GeV/c"
"#theta_{#pi #mu}" "rad" "$\theta_{\pi \mu}$" "rad"
"" "" "" ""
8
"# Events"
1 0 12 -1 -0.27 0.29 0.46 0.58 0.67 0.77 0.82 0.88 0.93 0.97 1
0
11
0 1 1
1 1 2
2 1 3
3 1 4
4 1 5
5 1 6
6 1 7
7 1 8
8 1 9
9 1 10
10 1 11
"# Events"
1 1 16 -3.141592654 -2.722713633 -2.303834613 -1.884955592 -1.466076572 -1.047197551 -0.6283185307 -0.2094395102 0.2094395102 0.6283185307 1.047197551 1.466076572 1.884955592 2.303834613 2.722713633 3.141592654
0
15
11 1 1
12 1 2
13 1 3
14 1 4
15 1 5
16 1 6
17 1 7
18 1 8
19 1 9
20 1 10
21 1 11
22 1 12
23 1 13
24 1 14
25 1 15
"# Events"
1 2 6 0.15 0.23 0.32 0.45 0.66 1.5
0
5
26 1 1
27 1 2
28 1 3
29 1 4
30 1 5
"# Events"
1 3 8 -1 -0.47 0 0.39 0.65 0.84 0.93 1
0
7
32 1 1
33 1 2
34 1 3
35 1 4
36 1 5
37 1 6
38 1 7
"# Events"
1 4 11 -3.141592654 -2.513274123 -1.884955592 -1.256637061 -0.6283185307 0 0.6283185307 1.256637061 1.884955592 2.513274123 3.141592654
0
10
39 1 1
40 1 2
41 1 3
42 1 4
43 1 5
44 1 6
45 1 7
46 1 8
47 1 9
48 1 10
"# Events"
1 5 5 0.1 0.16 0.19 0.22 0.6
0
4
49 1 1
50 1 2
51 1 3
52 1 4
"# Events"
1 6 8 0 0.49 0.93 1.26 1.57 1.88 2.21 2.65
0
7
54 1 1
55 1 2
56 1 3
57 1 4
58 1 5
59 1 6
60 1 7
"# Events"
1 7 2 0 1
0
1
61 1 1