7
"cos(#theta_{#mu})" "" "cos(&\theta_{\mu}$)" "rad"
"#phi_{#mu}" "rad" "$\phi_{\mu}$" "rad"
"p_{#mu}" "GeV/c" "$p_{\mu}$" "GeV/c"
"cos(#theta_{#pi})" "" "cos(&\theta_{\pi}$)" "rad"
"#phi_{#pi}" "rad" "$\phi_{\pi}$" "rad"
"#theta_{#pi #mu}" "rad" "$\theta_{\pi \mu}$" "rad"
"" "" "" ""
7
"# Events"
1 0 12 -1 -0.27 0.29 0.46 0.58 0.67 0.77 0.82 0.88 0.93 0.97 1
0
11
0 1 1
1 1 2
2 1 3
3 1 4
4 1 5
5 1 6
6 1 7
7 1 8
8 1 9
9 1 10
10 1 11
"# Events"
1 1 16 -3.14 -2.72 -2.30 -1.88 -1.46 -1.04 -0.62 -0.20 0.20 0.62 1.04 1.46 1.88 2.30 2.72 3.14
0
15
11 1 1
12 1 2
13 1 3
14 1 4
15 1 5
16 1 6
17 1 7
18 1 8
19 1 9
20 1 10
21 1 11
22 1 12
23 1 13
24 1 14
25 1 15
"# Events"
1 2 6 0.15 0.23 0.32 0.45 0.66 1.5
0
5
26 1 1
27 1 2
28 1 3
29 1 4
30 1 5
"# Events"
1 3 8 -1 -0.47 0 0.39 0.65 0.84 0.93 1
0
7
32 1 1
33 1 2
34 1 3
35 1 4
36 1 5
37 1 6
38 1 7
"# Events"
1 4 11 -3.14 -2.51 -1.88 -1.25 -0.62 0 0.62 1.25 1.88 2.51 3.14
0
10
39 1 1
40 1 2
41 1 3
42 1 4
43 1 5
44 1 6
45 1 7
46 1 8
47 1 9
48 1 10
"# Events"
1 5 8 0 0.49 0.93 1.26 1.57 1.88 2.21 2.65
0
7
49 1 1
50 1 2
51 1 3
52 1 4
53 1 5
54 1 6
55 1 7
"# Events"
1 6 2 0 1
0
1
56 1 1