2
"#phi_{#mu} Uncontained muons" "rad" "$\phi_{\mu}$ Uncontained muons" "rad"
"p_{#mu} Uncontained muons" "GeV/c" "$p_{\mu}$ Uncontained muons" "GeV/c"
2
"# Events"
1 0 16 -3.141592654 -2.722713633 -2.303834613 -1.884955592 -1.466076572 -1.047197551 -0.6283185307 -0.2094395102 0.2094395102 0.6283185307 1.047197551 1.466076572 1.884955592 2.303834613 2.722713633 3.141592654
0
15
0 1 1
1 1 2
2 1 3
3 1 4
4 1 5
5 1 6
6 1 7
7 1 8
8 1 9
9 1 10
10 1 11
11 1 12
12 1 13
13 1 14
14 1 15
"# Events"
1 1 6 0.15 0.23 0.32 0.45 0.66 1.5
0
5
15 1 1
16 1 2
17 1 3
18 1 4
19 1 5